

lambda(m), Y
1.565e-06, 0.946172
1.5649e-06, 0.948722
1.5648e-06, 0.949704
1.56469e-06, 0.951586
1.56459e-06, 0.95679
1.56449e-06, 0.964479
1.56439e-06, 0.970775
1.56428e-06, 0.972362
1.56418e-06, 0.969424
1.56408e-06, 0.964731
1.56398e-06, 0.960301
1.56388e-06, 0.955781
1.56377e-06, 0.950179
1.56367e-06, 0.944296
1.56357e-06, 0.940484
1.56347e-06, 0.940009
1.56336e-06, 0.94144
1.56326e-06, 0.942189
1.56316e-06, 0.941314
1.56306e-06, 0.940192
1.56296e-06, 0.940449
1.56285e-06, 0.941887
1.56275e-06, 0.942918
1.56265e-06, 0.942689
1.56255e-06, 0.94205
1.56245e-06, 0.942272
1.56234e-06, 0.943354
1.56224e-06, 0.944146
1.56214e-06, 0.943948
1.56204e-06, 0.943374
1.56194e-06, 0.943417
1.56184e-06, 0.944086
1.56173e-06, 0.944451
1.56163e-06, 0.943939
1.56153e-06, 0.94304
1.56143e-06, 0.942525
1.56133e-06, 0.94232
1.56122e-06, 0.941583
1.56112e-06, 0.939792
1.56102e-06, 0.937286
1.56092e-06, 0.934523
1.56082e-06, 0.931138
1.56072e-06, 0.926109
1.56061e-06, 0.91872
1.56051e-06, 0.908973
1.56041e-06, 0.897057
1.56031e-06, 0.883081
1.56021e-06, 0.867969
1.56011e-06, 0.854452
1.56e-06, 0.846307
1.5599e-06, 0.845855
1.5598e-06, 0.852099
1.5597e-06, 0.861624
1.5596e-06, 0.871393
1.5595e-06, 0.880485
1.55939e-06, 0.889267
1.55929e-06, 0.897579
1.55919e-06, 0.904414
1.55909e-06, 0.909279
1.55899e-06, 0.913077
1.55889e-06, 0.9171
1.55878e-06, 0.921415
1.55868e-06, 0.924891
1.55858e-06, 0.9269
1.55848e-06, 0.928375
1.55838e-06, 0.930698
1.55828e-06, 0.933854
1.55818e-06, 0.936402
1.55807e-06, 0.937473
1.55797e-06, 0.938146
1.55787e-06, 0.940213
1.55777e-06, 0.943797
1.55767e-06, 0.947025
1.55757e-06, 0.948477
1.55747e-06, 0.949408
1.55737e-06, 0.952683
1.55726e-06, 0.959364
1.55716e-06, 0.966973
1.55706e-06, 0.971642
1.55696e-06, 0.971751
1.55686e-06, 0.968915
1.55676e-06, 0.965489
1.55666e-06, 0.961904
1.55656e-06, 0.957053
1.55645e-06, 0.950857
1.55635e-06, 0.945401
1.55625e-06, 0.942981
1.55615e-06, 0.943511
1.55605e-06, 0.94459
1.55595e-06, 0.944189
1.55585e-06, 0.942704
1.55575e-06, 0.941998
1.55565e-06, 0.942879
1.55554e-06, 0.94419
1.55544e-06, 0.944444
1.55534e-06, 0.943698
1.55524e-06, 0.943285
1.55514e-06, 0.943969
1.55504e-06, 0.945006
1.55494e-06, 0.945243
1.55484e-06, 0.944636
1.55474e-06, 0.944198
1.55463e-06, 0.944565
1.55453e-06, 0.945174
1.55443e-06, 0.945075
1.55433e-06, 0.944182
1.55423e-06, 0.943278
1.55413e-06, 0.942845
1.55403e-06, 0.942367
1.55393e-06, 0.94098
1.55383e-06, 0.938485
1.55373e-06, 0.935337
1.55363e-06, 0.931678
1.55353e-06, 0.926756
1.55342e-06, 0.919454
1.55332e-06, 0.909174
1.55322e-06, 0.896088
1.55312e-06, 0.880976
1.55302e-06, 0.865438
1.55292e-06, 0.852323
1.55282e-06, 0.845125
1.55272e-06, 0.845941
1.55262e-06, 0.853678
1.55252e-06, 0.864602
1.55242e-06, 0.875089
1.55232e-06, 0.883926
1.55222e-06, 0.891923
1.55212e-06, 0.899717
1.55201e-06, 0.906582
1.55191e-06, 0.911511
1.55181e-06, 0.91483
1.55171e-06, 0.918004
1.55161e-06, 0.921831
1.55151e-06, 0.925492
1.55141e-06, 0.927784
1.55131e-06, 0.928917
1.55121e-06, 0.930388
1.55111e-06, 0.933037
1.55101e-06, 0.935881
1.55091e-06, 0.937426
1.55081e-06, 0.937797
1.55071e-06, 0.938791
1.55061e-06, 0.941593
1.55051e-06, 0.945102
1.55041e-06, 0.947268
1.55031e-06, 0.947943
1.55021e-06, 0.949584
1.55011e-06, 0.954574
1.55001e-06, 0.9622
1.54991e-06, 0.96897
1.5498e-06, 0.971968
1.5497e-06, 0.971365
1.5496e-06, 0.969309
1.5495e-06, 0.966929
1.5494e-06, 0.963324
1.5493e-06, 0.957626
1.5492e-06, 0.951187
1.5491e-06, 0.946821
1.549e-06, 0.945884
1.5489e-06, 0.946811
1.5488e-06, 0.946965
1.5487e-06, 0.945533
1.5486e-06, 0.944036
1.5485e-06, 0.94408
1.5484e-06, 0.945315
1.5483e-06, 0.946057
1.5482e-06, 0.945501
1.5481e-06, 0.944619
1.548e-06, 0.944724
1.5479e-06, 0.945733
1.5478e-06, 0.946393
1.5477e-06, 0.945981
1.5476e-06, 0.945196
1.5475e-06, 0.945119
1.5474e-06, 0.945746
1.5473e-06, 0.946045
1.5472e-06, 0.945342
1.5471e-06, 0.944145
1.547e-06, 0.943344
1.5469e-06, 0.942926
1.5468e-06, 0.941924
1.5467e-06, 0.939573
1.5466e-06, 0.936073
1.5465e-06, 0.931956
1.5464e-06, 0.926909
1.5463e-06, 0.919609
1.5462e-06, 0.908787
1.5461e-06, 0.894408
1.546e-06, 0.877969
1.5459e-06, 0.862106
1.5458e-06, 0.850024
1.5457e-06, 0.844652
1.5456e-06, 0.847285
1.5455e-06, 0.856445
1.5454e-06, 0.86837
1.5453e-06, 0.879344
1.5452e-06, 0.887966
1.5451e-06, 0.895186
1.545e-06, 0.902216
1.5449e-06, 0.908801
1.5448e-06, 0.913763
1.54471e-06, 0.916849
1.54461e-06, 0.919327
1.54451e-06, 0.922486
1.54441e-06, 0.926043
1.54431e-06, 0.928622
1.54421e-06, 0.929723
1.54411e-06, 0.930547
1.54401e-06, 0.932494
1.54391e-06, 0.935288
1.54381e-06, 0.937298
1.54371e-06, 0.937764
1.54361e-06, 0.937996
1.54351e-06, 0.939808
1.54341e-06, 0.943112
1.54331e-06, 0.945886
1.54321e-06, 0.946833
1.54311e-06, 0.947432
1.54301e-06, 0.950585
1.54291e-06, 0.95723
1.54281e-06, 0.964947
1.54271e-06, 0.970275
1.54262e-06, 0.972007
1.54252e-06, 0.971611
1.54242e-06, 0.970632
1.54232e-06, 0.968595
1.54222e-06, 0.9641
1.54212e-06, 0.957519
1.54202e-06, 0.951582
1.54192e-06, 0.948839
1.54182e-06, 0.949019
1.54172e-06, 0.949528
1.54162e-06, 0.948468
1.54152e-06, 0.946528
1.54142e-06, 0.945657
1.54132e-06, 0.946436
1.54123e-06, 0.947466
1.54113e-06, 0.947293
1.54103e-06, 0.946224
1.54093e-06, 0.945735
1.54083e-06, 0.946442
1.54073e-06, 0.947353
1.54063e-06, 0.94727
1.54053e-06, 0.946362
1.54043e-06, 0.945838
1.54033e-06, 0.946264
1.54023e-06, 0.946813
1.54013e-06, 0.946394
1.54004e-06, 0.945078
1.53994e-06, 0.943899
1.53984e-06, 0.943347
1.53974e-06, 0.942588
1.53964e-06, 0.940426
1.53954e-06, 0.936667
1.53944e-06, 0.932019
1.53934e-06, 0.926609
1.53924e-06, 0.919077
1.53914e-06, 0.907591
1.53905e-06, 0.891854
1.53895e-06, 0.874092
1.53885e-06, 0.858177
1.53875e-06, 0.847821
1.53865e-06, 0.845159
1.53855e-06, 0.850134
1.53845e-06, 0.860551
1.53835e-06, 0.872886
1.53825e-06, 0.883914
1.53816e-06, 0.892327
1.53806e-06, 0.89893
1.53796e-06, 0.905102
1.53786e-06, 0.911075
1.53776e-06, 0.915888
1.53766e-06, 0.918925
1.53756e-06, 0.92099
1.53746e-06, 0.923464
1.53737e-06, 0.926612
1.53727e-06, 0.929302
1.53717e-06, 0.930583
1.53707e-06, 0.931092
1.53697e-06, 0.932338
1.53687e-06, 0.934735
1.53677e-06, 0.936988
1.53667e-06, 0.937793
1.53658e-06, 0.937698
1.53648e-06, 0.938583
1.53638e-06, 0.941257
1.53628e-06, 0.944279
1.53618e-06, 0.945748
1.53608e-06, 0.945973
1.53598e-06, 0.947585
1.53589e-06, 0.952664
1.53579e-06, 0.960212
1.53569e-06, 0.967026
1.53559e-06, 0.970903
1.53549e-06, 0.97234
1.53539e-06, 0.972884
1.5353e-06, 0.972545
1.5352e-06, 0.969754
1.5351e-06, 0.963909
1.535e-06, 0.957109


